강예림,,,,,2,,,,,,
강병호,,3,,,,,,1,,,
곽동준,,3,1,,,2,,,,,
곽승준,,3,,,2,2,,1,,,
곽윤서,,,1,,,,,,,,
권순효,,,,,,,,,,,
김경민,,,,,,,,,,,
김다혜,,,,1,,,,1,,,
김대진,,,1,,,,,,,1,
김민선,,3,,1,1,2,,,,,
김상훈,,3,1,,,,,1,,1,
김승용,,3,,,,,,,,,
김연정,,3,,,,,,,,,
김영석,,3,1,,2,2,6,,,,
김유진,,,1,,2,2,1,,1,,
김윤성,,3,1,,2,2,1,,1,,
김재훈,,3,,1,,,,1,,1,
김정은,,,,,,2,,,,,
김지훈,,3,,,1,2,,,,,
김태훈,,,,,,,,,,1,
김한샘,,3,,1,,,,,,,
김현숙,,3,1,,,2,,,,,
김효진,1,3,,1,2,2,6,,1,1,
노은주,,,1,1,,,,,1,,
박민정,,3,,,,,,,,,
박연수,1,,1,,,2,,,,1,
박지혜,,,1,,,,,1,1,,
박태원,1,,,,,,,,,,
배현호,1,3,1,,2,2,,,1,,
백민수,,3,,,,,,1,,1,
백하은,,,,,,,,,,,
서인애,,3,1,,,2,,1,1,,
석정욱,,3,,,,,,,,,
송혁진,,3,,,,,,,,,
안기호,,3,1,,,2,6,,,1,
안서연,,3,,,2,2,,,,1,
안형주,,,,,,2,,,,,
양에스더,,3,1,,,2,,,1,,
오지호,,3,,,,,,,,1,
오석현,,3,,1,,,,1,,1,
유수준,,,,,,2,,,,,
유지혜,,3,1,1,2,2,,,1,,
유호준,,,,,,,,,,,
육경훈,,,,,,2,,,,1,
윤용석,,,,,,,,,,,
이민우1,,,1,,2,,,,,1,
이민우2,,,,,2,2,,1,1,,
이민재,,3,,,2,2,,,,1,
이윤용,,3,,,,,,,,,
임미화,,,,,,,,,1,,
장소현,,,,,2,,,,,,
전상일,1,,,,,2,,,,,
전소희,,,,,,,,,,,
정슬기,,,1,,,,,,1,,
정현암,,,,,,,,,,,
조성환,,3,,,,2,,1,,,
조재현,,3,1,,,2,,,,,
차주천,,3,1,1,,2,6,,,,
최가영,,3,1,1,1,2,6,,,,
최강석,1,3,,1,,2,,,,,
최승훈,,,,,,2,,,,,
최연실,,,,1,2,,,,,,
최현철,1,3,1,,,2,,,,1,
평복재,,,,,,,,,,,
한가을,,,,,2,2,,,1,1,
허만,1,3,,1,,2,,,1,1,
홍기림,,,,,2,,,,,,
홍혜란,,,1,,2,,,,,,
황만규,1,3,1,1,,2,6,,1,1,
황승환,,,,,2,,,,,,
